scenario_index,shed
0,3411.022047688853
1,3411.022047688854
2,3411.022047688855
3,3411.022047688855
4,3411.0220476888544
5,3411.022047688855
6,3411.0220476888644
7,3411.0220476888544
8,3411.022047688855
9,3411.022047688855
10,3411.0220476888535
11,3411.0220476888644
12,3411.0220476888635
13,3411.0220476888544
14,3411.0220476888544
15,3411.0220476888558
16,3411.0220476888526
17,3411.0220476877435
18,3411.0220476888526
19,3411.0220476888553
20,3411.0220476888508
21,3411.022047688849
22,3411.022047688855
23,3411.0220476888544
24,3411.022047688854
25,3411.022047688859
26,3411.022047688856
27,3411.0220476888535
28,3411.0220476888544
29,3411.0220476888403
30,3411.022047688855
31,3411.0220476888553
32,3411.0220476887657
33,3411.0220476888644
34,3411.022047688857
35,3411.022047688854
36,3411.0220476888544
37,3411.0220476888544
38,3411.0220476888544
39,3411.0220476888544
40,3411.0220476888553
41,3411.022047688855
42,3411.0220476888535
43,3411.0220476888526
44,3296.314402707549
45,3411.0220476888535
46,3411.022047688855
47,3411.0220476888535
48,3411.0220476888517
49,3411.022047688853
50,3411.022047688855
51,3411.0220476887653
52,3411.022047688855
53,3411.022047688852
54,3411.022047688855
55,3411.022047688851
56,3411.0220476888535
57,3411.0220476888526
58,3411.0220476888544
59,3411.022047688852
60,3411.022047688859
61,3411.022047688855
62,3411.0220476888544
63,3411.0220476888544
64,3411.0220476888544
65,3411.0220476888553
66,3411.0220476888544
67,3411.0220476888544
68,3411.022047688854
69,3411.0220476888544
70,3411.022047688852
71,3411.0220476888544
72,3411.022047688854
73,3411.0220476888544
74,3411.0220476888544
75,3411.022047688855
76,3411.0220476888535
77,3411.0220476888553
78,3411.022047688855
79,3411.0220476888544
80,3411.0220476888544
81,3411.0220476888644
82,3411.022047688855
83,3411.0220476877435
84,3285.8827138592515
85,3411.0220476888544
86,3411.0220476888544
87,3411.0220476888544
88,3411.0220476888544
89,3411.0220476888644
90,3411.022047688855
91,3411.022047688854
92,3411.022047688861
93,3411.0220476887735
94,3411.022047688854
95,3411.0220476888735
96,3411.0220476888544
97,3411.022047688855
98,3411.0220476888626
99,3411.0220476888544
100,3411.022047688855
101,3411.0220476888544
102,3411.022047688855
103,3411.022047688744
104,3411.0220476888544
105,3411.0220476888658
106,3411.0220476888544
107,3411.022047688855
108,3411.0220476887657
109,3411.02204768882
110,3411.022047688855
111,3411.0220476888544
112,3411.0220476888812
113,3411.0220476888635
114,3411.0220476887753
115,3411.0220476888544
116,3411.0220476888644
117,3411.0220476888544
118,3411.022047688853
119,3411.0220476888535
120,3411.022047688854
121,3358.7761058333604
122,3411.022047688855
123,3411.022047688854
124,3411.022047688854
125,3411.0220476888544
126,3411.0220476888544
127,3411.022047688855
128,3411.0220476888544
129,3411.022047688855
130,3411.022047688855
131,3411.022047688834
132,3411.022047688854
133,3411.0220476888535
134,3411.0220476888553
135,3411.0220476888544
136,3411.022047687743
137,3411.022047688855
138,3411.0220476888644
139,3411.022047688864
140,3411.0220476888544
141,3411.022047688855
142,3411.022047688855
143,3411.022047688854
144,3411.0220476888535
145,3411.022047688856
146,3411.0220476888544
147,3411.022047688854
148,3411.0220476888494
149,3411.022047688857
150,3411.022047688765
151,3411.022047688855
152,3411.0220476888535
153,3411.022047688854
154,3411.022047688854
155,3411.022047688847
156,3411.022047688865
157,3411.0220476888544
158,3411.022047688855
159,3411.0220476888544
160,3411.0220476888553
161,3411.022047688855
162,3411.0220476888635
163,3411.0220476888544
164,3411.022047688855
165,3411.0220476888535
166,3411.022047688864
167,3411.022047688854
168,3411.022047688826
169,3411.0220476888544
170,3411.022047688864
171,3411.022047688853
172,3411.0220476888535
173,3411.022047688852
174,3411.022047688874
175,3411.0220476888535
176,3411.022047688854
177,3411.0220476888544
178,3411.022047688622
179,3411.022047688855
180,3411.022047688853
181,3411.0220476889185
182,3411.022047688844
183,3411.022047688865
184,3411.022047688853
185,3411.022047688854
186,3411.0220476887657
187,3411.022047688855
188,3411.022047688837
189,3411.0220476888544
190,3411.0220476888544
191,3411.022047688854
192,3411.022047688854
193,3411.0220476888544
194,3411.0220476888544
195,3411.0220476888653
196,3411.022047688854
197,3411.0220476888567
198,3411.0220476888544
199,3411.0220476888544
200,3411.0220476888535
201,3411.022047688766
202,3411.022047688849
203,3411.022047688859
204,3411.0220476888594
205,3411.0220476888544
206,3411.0220476888553
207,3411.022047688854
208,3411.022047688849
209,3411.0220476888544
210,3411.0220476888553
211,3411.0220476888535
212,3411.022047688864
213,3390.26819726808
214,3411.022047688855
215,3411.02204768883
216,3411.0220476888553
217,3411.022047688846
218,3411.022047688854
219,3411.0220476888544
220,3411.022047688854
221,3411.022047688854
222,3411.022047688856
223,3411.022047688631
224,3411.0220476888644
225,3411.022047688849
226,3411.022047688855
227,3411.0220476888553
228,3411.022047688855
229,3411.0220476888544
230,3411.022047688879
231,3411.022047688854
232,3411.0220476888517
233,3411.0220476888544
234,3411.022047688854
235,3411.0220476888535
236,3411.022047688855
237,3411.0220476888544
238,3411.0220476888526
239,3411.0220476888553
240,3411.022047688854
241,3411.0220476888644
242,3411.022047688854
243,3411.022047688854
244,3411.0220476888544
245,3411.022047688855
246,3411.0220476888617
247,3411.0220476888535
248,3411.0220476888553
249,3411.022047688865
250,3340.8297138592507
251,3411.022047688857
252,3411.0220476888544
253,3411.022047688855
254,3411.0220476888553
255,3411.0220476888544
256,3411.0220476877425
257,3411.022047688855
258,3411.0220476888544
259,3411.022047688853
260,3411.0220476888608
261,3411.0220476888517
262,3289.0430438973926
263,3411.0220476888635
264,3411.0220476888544
265,3411.0220476888544
266,3411.0220476888544
267,3411.0220476888544
268,3411.0220476888535
269,3411.0220476888885
270,3411.0220476888558
271,3411.022047688622
272,3411.022047688853
273,3411.0220476888485
274,3411.0220476888544
275,3411.0220476888553
276,3411.0220476888544
277,3411.022047688855
278,3411.0220476888553
279,3411.022047688854
280,3411.022047688854
281,3411.0220476888544
282,3411.0220476888544
283,3411.0220476888535
284,3411.0220476888544
285,3411.022047688855
286,3411.0220476888644
287,3411.022047688854
288,3411.022047688855
289,3411.022047688862
290,3411.022047688849
291,3411.0220476888544
292,3411.022047688855
293,3411.022047688855
294,3411.0220476888553
295,3411.0220476888544
296,3411.022047688864
297,3411.0220476888544
298,3411.022047688854
299,3411.0220476888553
300,3411.022047688854
301,3411.022047688853
302,3411.0220476888553
303,3411.0220476888535
304,3411.0220476888535
305,3411.022047688855
306,3411.022047688854
307,3411.0220476888544
308,3411.0220476888544
309,3411.0220476888544
310,3411.0220476888544
311,3411.0220476888544
312,3411.0220476888553
313,3411.022047688863
314,3411.0220476887653
315,3349.0220476888535
316,3411.022047688853
317,3411.0220476888644
318,3411.0220476888558
319,3411.0220476888544
320,3411.0220476888535
321,3411.0220476888635
322,3411.022047688849
323,3411.022047688854
324,3411.0220476888544
325,3411.022047688855
326,3411.0220476888544
327,3411.0220476888544
328,3411.022047688855
329,3411.0220476888544
330,3411.0220476888526
331,3411.022047688852
332,3411.0220476888544
333,3411.0220476888535
334,3411.022047688849
335,3411.0220476888535
336,3411.0220476888644
337,3411.0220476888544
338,3411.022047688855
339,3411.0220476888544
340,3411.0220476888517
341,3411.022047688854
342,3411.022047688851
343,3411.0220476888585
344,3411.0220476888544
345,3411.022047688855
346,3411.0220476888535
347,3411.0220476888544
348,3411.022047688854
349,3411.0220476888535
350,3411.022047688861
351,3411.022047688855
352,3411.022047687768
353,3411.0220476888544
354,3411.0220476888544
355,3411.022047688853
356,3411.022047688854
357,3411.0220476888526
358,3411.022047688865
359,3411.022047688855
360,3411.022047688854
361,3411.0220476888544
362,3411.0220476888644
363,3411.0220476887653
364,3410.922047688853
365,3411.022047688855
366,3411.022047688853
367,3411.02204768885
368,3411.022047688854
369,3411.022047688853
370,3411.0220476888544
371,3411.022047688864
372,3411.0220476888485
373,3411.0220476888544
374,3411.022047688855
375,3411.022047688855
376,3411.0220476888544
377,3411.0220476888558
378,3411.0220476888544
379,3411.02204768804
380,3411.022047688854
381,3411.022047688861
382,3411.022047688928
383,3411.022047688854
384,3411.0220476888526
385,3411.022047688854
386,3411.022047688855
387,3411.022047688853
388,3411.0220476888544
389,3411.0220476888535
390,3411.022047688854
391,3411.022047688855
392,3411.0220476888535
393,3411.0220476888544
394,3411.022047688855
395,3411.0220476888544
396,3411.022047688864
397,3411.0220476888535
398,3411.022047688855
399,3411.022047688854
400,3411.022047688852
401,3411.0220476888526
402,3411.022047688855
403,3411.022047688854
404,3411.0220476888644
405,3411.0220476888544
406,3411.0220476888644
407,3411.022047688849
408,3411.0220476888544
409,3411.022047688854
410,3411.022047688853
411,3411.0220476888535
412,3411.0220476888544
413,3411.0220476888544
414,3411.0220476888553
415,3411.022047688854
416,3411.022047688855
417,3365.827377726995
418,3411.0220476887657
419,3411.0220476888535
420,3411.0220476888526
421,3411.022047688864
422,3411.0220476888544
423,3411.0220476888535
424,3411.0220476888544
425,3411.0220476888453
426,3411.0220476888635
427,3411.0220476888635
428,3411.022047688855
429,3411.022047688855
430,3411.0220476888644
431,3411.0220476888644
432,3411.022047688854
433,3411.022047688855
434,3411.0220476888658
435,3411.022047688856
436,3411.0220476888535
437,3411.022047688864
438,3411.0220476888544
439,3411.022047688855
440,3411.022047688856
441,3411.0220476888544
442,3411.022047688855
443,3411.022047688855
444,3411.0220476888535
445,3411.022047688855
446,3411.022047688854
447,3411.022047688855
448,3411.022047688855
449,3411.0220476888594
450,3411.022047688848
451,3411.0220476888553
452,3411.022047688854
453,3411.0220476888635
454,3411.022047688853
455,3411.0220476888644
456,3411.0220476887653
457,3411.022047688854
458,3411.022047689469
459,3411.022047688854
460,3411.0220476888635
461,3411.0220476888544
462,3411.022047688854
463,3411.0220476888517
464,3411.022047688854
465,3411.0220476888544
466,3411.0220476888544
467,3411.0220476888544
468,3411.0220476888544
469,3411.0220476888544
470,3411.022047688854
471,3411.0220476888544
472,3411.022047688854
473,3411.022047688855
474,3411.022047688855
475,3411.0220476888567
476,3411.022047688855
477,3411.022047688855
478,3411.0220476888558
479,3411.0220476888644
480,3411.0220476888544
481,3411.022047688855
482,3411.0220476888658
483,3411.0220476888635
484,3411.0220476888535
485,3411.022047688856
486,3411.022047688862
487,3411.022047688854
488,3411.022047688854
489,3411.022047687743
490,3411.022047688855
491,3411.022047688854
492,3411.022047688854
493,3411.0220476888508
494,3411.0220476888644
495,3411.022047688854
496,3411.0220476888544
497,3411.0220476888544
498,3411.022047688765
499,3411.0220476888685
500,3411.0220476888644
501,3411.0220476888544
502,3411.022047688855
503,3411.022047688868
504,3411.022047688854
505,3411.022047688854
506,3411.0220476888494
507,3411.0220476888585
508,3411.022047688855
509,3411.0220476888544
510,3411.022047688854
511,3411.0220476888544
512,3411.022047688854
513,3411.022047688853
514,3411.022047688854
515,3411.022047688863
516,3411.022047688854
517,3411.022047688855
518,3411.0220476888653
519,3411.0220476888526
520,3411.022047688854
521,3411.0220476888544
522,3402.3715146770683
523,3411.022047688854
524,3411.022047688854
525,3411.0220476888553
526,3411.022047688854
527,3411.022047688864
528,3411.022047688821
529,3411.022047688855
530,3411.022047688854
531,3411.022047688854
532,3411.0220476888544
533,3411.022047688855
534,3411.022047688854
535,3411.0220476888544
536,3411.022047688855
537,3411.022047688855
538,3411.02204768885
539,3411.022047688855
540,3411.022047688854
541,3411.0220476888544
542,3411.022047688853
543,3411.0220476888544
544,3411.0220476888544
545,3411.0220476888544
546,3411.0220476885247
547,3411.022047688854
548,3411.022047688855
549,3411.022047688854
550,3411.022047688852
551,3411.0220476888544
552,3411.0220476888544
553,3411.022047688854
554,3411.022047688958
555,3411.022047688854
556,3411.0220476888553
557,3411.0220476888553
558,3411.022047688854
559,3411.0220476888544
560,3411.022047688855
561,3411.0220476888544
562,3411.022047688853
563,3411.022047688855
564,3411.022047688854
565,3411.0220476887866
566,3411.0220476888553
567,3411.022047688674
568,3411.0220476888544
569,3411.0220476888535
570,3411.0220476888644
571,3411.0220476887653
572,3411.0220476888544
573,3411.0220476888494
574,3411.0220476888744
575,3411.022047688854
576,3411.022047688854
577,3411.0220476888544
578,3411.022047688856
579,3411.0220476888544
580,3411.022047688853
581,3411.022047688854
582,3411.022047688854
583,3411.0220476888544
584,3411.022047688852
585,3411.022047688777
586,3411.0220476887653
587,3295.25639058094
588,3411.022047688855
589,3411.022047688855
590,3411.022047688854
591,3411.0220476888544
592,3411.0220476888544
593,3411.022047688855
594,3411.022047688853
595,3411.022047688856
596,3411.022047688858
597,3411.0220476818117
598,3411.022047688855
599,3411.022047688855
600,3411.022047688854
601,3411.0220476888544
602,3411.0220476889285
603,3411.022047688864
604,3411.0220476888535
605,3411.0220476888544
606,3411.022047688854
607,3411.0220476888558
608,3411.0220476888544
609,3411.022047688765
610,3411.0220476888553
611,3411.0220476887644
612,3411.0220476888535
613,3411.022047688854
614,3411.0220476888553
615,3411.022047688838
616,3411.022047688855
617,3411.022047688854
618,3411.0220476888144
619,3411.022047688855
620,3411.022047688864
621,3411.022047688858
622,3411.022047688862
623,3411.0220476888517
624,3411.022047688854
625,3411.0220476888544
626,3411.022047688855
627,3411.0220476888553
628,3411.0220476888535
629,3411.0220476888535
630,3411.022047688855
631,3411.022047688854
632,3411.022047688855
633,3411.022047688865
634,3411.022047688854
635,3411.022047688854
636,3411.022047688854
637,3411.022047688855
638,3411.0220476888544
639,3411.022047688854
640,3411.0220476888526
641,3411.0220476888544
642,3411.022047688855
643,3402.4081360465834
644,3411.0220476888544
645,3411.0220476888553
646,3411.0220476888544
647,3411.022047688864
648,3411.022047688848
649,3411.0220476888544
650,3411.022047688853
651,3411.0220476887125
652,3411.022047688853
653,3411.022047688854
654,3411.0220476888544
655,3411.0220476888544
656,3411.0220476888544
657,3411.0220476888558
658,3411.022047688864
659,3411.022047688855
660,3411.022047688855
661,3411.0220476888544
662,3411.022047688853
663,3411.022047688854
664,3411.0220476889285
665,3411.0220476886216
666,3411.0220476888544
667,3411.0220476888544
668,3411.0220476888544
669,3411.0220476888617
670,3411.022047688622
671,3411.0220476888544
672,3411.0220476888544
673,3277.338343931368
674,3411.022047688855
675,3411.0220476888553
676,3411.0220476888544
677,3411.022047688854
678,3411.0220476888553
679,3411.0220476888544
680,3411.0220476888544
681,3411.0220476887657
682,3356.35172359436
683,3411.022047688855
684,3411.022047688834
685,3411.022047688855
686,3411.022047688855
687,3411.0220476888544
688,3411.0220476887653
689,3411.0220476888544
690,3411.0220476888535
691,3411.0220476888544
692,3411.022047688855
693,3411.0220476888544
694,3411.0220476888535
695,3411.022047688854
696,3411.0220476888544
697,3411.0220476888544
698,3411.0220476888544
699,3411.0220476888644
700,3411.0220476888544
701,3411.0220476888535
702,3411.022047688854
703,3411.0220476888544
704,3411.0220476888553
705,3411.0220476888494
706,3411.0220476888544
707,3411.0220476888544
708,3411.0220476888544
709,3411.0220476888544
710,3411.0220476877435
711,3411.0220476888535
712,3411.0220476888553
713,3411.022047688602
714,3411.0220476888544
715,3338.329377726995
716,3411.022047688864
717,3411.0220476888535
718,3411.022047688855
719,3411.02204768885
720,3411.022047688855
721,3411.0220476888644
722,3411.0220476888544
723,3411.022047688854
724,3411.022047688855
725,3411.022047688855
726,3411.0220476888553
727,3411.0220476888635
728,3411.0220476888535
729,3411.022047688854
730,3411.022047688854
731,3411.0220476888544
732,3411.0220476888526
733,3411.022047688855
734,3411.0220476888494
735,3411.0220476888544
736,3411.022047688855
737,3411.0220476888544
738,3411.022047688856
739,3411.0220476888544
740,3411.0220476888544
741,3411.0220476888553
742,3411.0220476888535
743,3411.022047688853
744,3411.0220476888567
745,3411.0220476888585
746,3411.022047688854
747,3411.0220476888553
748,3411.0220476888544
749,3411.022047688855
